0.5260 0.0524 0.000187 0 100 50 1000 0.500 4
0.5220 0.1082 0.000108 0 100 50 1000 0.500 1
0.5029 0.2226 0.000088 0 100 50 10000 0.500 4
0.4985 0.4393 0.000044 0 100 50 10000 0.500 1
0.5009 0.3761 0.000074 0 100 50 20000 0.500 4
0.5034 0.8953 0.000045 0 100 50 20000 0.500 1
0.5047 0.4990 0.000065 0 100 50 30000 0.500 4
0.5040 1.3224 0.000044 0 100 50 30000 0.500 1
0.5033 0.6901 0.000068 0 100 50 40000 0.500 4
0.4988 1.7990 0.000045 0 100 50 40000 0.500 1
0.4986 0.8388 0.000067 0 100 50 50000 0.500 4
0.5004 2.2290 0.000045 0 100 50 50000 0.500 1
0.4976 1.0014 0.000066 0 100 50 60000 0.500 4
0.4995 2.6160 0.000044 0 100 50 60000 0.500 1
0.5002 1.1127 0.000063 0 100 50 70000 0.500 4
0.5007 3.1176 0.000044 0 100 50 70000 0.500 1
0.4982 1.3155 0.000065 0 100 50 80000 0.500 4
0.5002 3.5449 0.000044 0 100 50 80000 0.500 1
0.5012 1.4631 0.000064 0 100 50 90000 0.500 4
0.5009 3.9352 0.000044 0 100 50 90000 0.500 1
0.5033 1.5693 0.000062 0 100 50 100000 0.500 4
0.4994 4.4471 0.000044 0 100 50 100000 0.500 1

