0.004395s 10000 100 4
0.003418s 10000 200 4
0.002930s 10000 300 4
0.003906s 10000 400 4
0.003418s 10000 500 4
0.002441s 10000 600 4
0.002930s 10000 700 4
0.001953s 10000 800 4
0.001953s 10000 900 4
0.003418s 10000 1000 4
0.010742s 100000 500 4
0.010742s 100000 1000 4
0.010254s 100000 1500 4
0.015137s 100000 2000 4
0.017090s 100000 2500 4
0.013184s 100000 3000 4
0.011719s 100000 3500 4
0.011230s 100000 4000 4
0.011719s 100000 4500 4
0.017578s 100000 5000 4
0.016602s 100000 5500 4
0.009766s 100000 6000 4
0.010254s 100000 6500 4
0.018555s 100000 7000 4
0.012695s 100000 7500 4
0.012695s 100000 8000 4
0.009277s 100000 8500 4
0.016113s 100000 9000 4
0.016602s 100000 9500 4
0.012207s 100000 10000 4
